2
5
13
17
29
37
53
65
85
101
125
145
173
197
229
257
293
325
365
401
445
485
533
577
629
677
733
785
845
901
965
1025
1093
1157
1229
1297
1373
1445
1525
1601
1685
1765
1853
1937
2029
2117
2213
2305
2405
2501
2605
2705
2813
2917
3029
3137
3253
3365
3485
3601
3725
3845
3973
4097
4229
4357
4493
4625
4765
4901
5045
5185
5333
5477
5629
5777
5933
6085
6245
6401
6565
6725
6893
7057
7229
7397
7573
7745
7925
8101
8285
8465
8653
8837
9029
9217
9413
9605
9805
10001
10205
10405
10613
10817
11029
11237
11453
11665
11885
12101
12325
12545
12773
12997
13229
13457
13693
13925
14165
14401
14645
14885
15133
15377
15629
15877
16133
16385
16645
16901
17165
17425
17693
17957
18229
18497
18773
19045
19325
19601
19885
20165
20453
20737
21029
21317
21613
21905
22205
22501
22805
23105
23413
23717
24029
24337
24653
24965
25285
25601
25925
26245
26573
26897
27229
27557
27893
28225
28565
28901
29245
29585
29933
30277
30629
30977
31333
31685
32045
32401
32765
33125
33493
33857
34229
34597
34973
35345
35725
36101
36485
36865
37253
37637
38029
38417
38813
39205
39605
40001
40405
40805
41213
41617
42029
42437
42853
43265
43685
44101
44525
44945
45373
45797
46229
46657
47093
47525
47965
48401
48845
49285
49733
50177
50629
51077
51533
51985
52445
52901
53365
53825
54293
54757
55229
55697
56173
56645
57125
57601
58085
58565
59053
59537
60029
60517
61013
61505
62005
62501
63005
63505
64013
64517
65029
65537
66053
66565
67085
67601
68125
68645
69173
69697
70229
70757
71293
71825
72365
72901
73445
73985
74533
75077
75629
76177
76733
77285
77845
78401
78965
79525
80093
80657
81229
81797
82373
82945
83525
84101
84685
85265
85853
86437
87029
87617
88213
88805
89405
90001
90605
91205
91813
92417
93029
93637
94253
94865
95485
96101
96725
97345
97973
98597
99229
99857
100493
101125
101765
102401
103045
103685
104333
104977
105629
106277
106933
107585
108245
108901
109565
110225
110893
111557
112229
112897
113573
114245
114925
115601
116285
116965
117653
118337
119029
119717
120413
121105
121805
122501
123205
123905
124613
125317
126029
126737
127453
128165
128885
129601
130325
131045
131773
132497
133229
133957
134693
135425
136165
136901
137645
138385
139133
139877
140629
141377
142133
142885
143645
144401
145165
145925
146693
147457
148229
148997
149773
150545
151325
152101
152885
153665
154453
155237
156029
156817
157613
158405
159205
160001
160805
161605
162413
163217
164029
164837
165653
166465
167285
168101
168925
169745
170573
171397
172229
173057
173893
174725
175565
176401
177245
178085
178933
179777
180629
181477
182333
183185
184045
184901
185765
186625
187493
188357
189229
190097
190973
191845
192725
193601
194485
195365
196253
197137
198029
198917
199813
200705
201605
202501
203405
204305
205213
206117
207029
207937
208853
209765
210685
211601
212525
213445
214373
215297
216229
217157
218093
219025
219965
220901
221845
222785
223733
224677
225629
226577
227533
228485
229445
230401
231365
232325
233293
234257
235229
236197
237173
238145
239125
240101
241085
242065
243053
244037
245029
246017
247013
248005
249005
250001
251005
252005
253013
254017
255029
256037
257053
258065
259085
260101
261125
262145
263173
264197
265229
266257
267293
268325
269365
270401
271445
272485
273533
274577
275629
276677
277733
278785
279845
280901
281965
283025
284093
285157
286229
287297
288373
289445
290525
291601
292685
293765
294853
295937
297029
298117
299213
300305
301405
302501
303605
304705
305813
306917
308029
309137
310253
311365
312485
313601
314725
315845
316973
318097
319229
320357
321493
322625
323765
324901
326045
327185
328333
329477
330629
331777
332933
334085
335245
336401
337565
338725
339893
341057
342229
343397
344573
345745
346925
348101
349285
350465
351653
352837
354029
355217
356413
357605
358805
360001
361205
362405
363613
364817
366029
367237
368453
369665
370885
372101
373325
374545
375773
376997
378229
379457
380693
381925
383165
384401
385645
386885
388133
389377
390629
391877
393133
394385
395645
396901
398165
399425
400693
401957
403229
404497
405773
407045
408325
409601
410885
412165
413453
414737
416029
417317
418613
419905
421205
422501
423805
425105
426413
427717
429029
430337
431653
432965
434285
435601
436925
438245
439573
440897
442229
443557
444893
446225
447565
448901
450245
451585
452933
454277
455629
456977
458333
459685
461045
462401
463765
465125
466493
467857
469229
470597
471973
473345
474725
476101
477485
478865
480253
481637
483029
484417
485813
487205
488605
490001
491405
492805
494213
495617
497029
498437
499853
501265
502685
504101
505525
506945
508373
509797
511229
512657
514093
515525
516965
518401
519845
521285
522733
524177
525629
527077
528533
529985
531445
532901
534365
535825
537293
538757
540229
541697
543173
544645
546125
547601
549085
550565
552053
553537
555029
556517
558013
559505
561005
562501
564005
565505
567013
568517
570029
571537
573053
574565
576085
577601
579125
580645
582173
583697
585229
586757
588293
589825
591365
592901
594445
595985
597533
599077
600629
602177
603733
605285
606845
608401
609965
611525
613093
614657
616229
617797
619373
620945
622525
624101
625685
627265
628853
630437
632029
633617
635213
636805
638405
640001
641605
643205
644813
646417
648029
649637
651253
652865
654485
656101
657725
659345
660973
662597
664229
665857
667493
669125
670765
672401
674045
675685
677333
678977
680629
682277
683933
685585
687245
688901
690565
692225
693893
695557
697229
698897
700573
702245
703925
705601
707285
708965
710653
712337
714029
715717
717413
719105
720805
722501
724205
725905
727613
729317
731029
732737
734453
736165
737885
739601
741325
743045
744773
746497
748229
749957
751693
753425
755165
756901
758645
760385
762133
763877
765629
767377
769133
770885
772645
774401
776165
777925
779693
781457
783229
784997
786773
788545
790325
792101
793885
795665
797453
799237
801029
802817
804613
806405
808205
810001
811805
813605
815413
817217
819029
820837
822653
824465
826285
828101
829925
831745
833573
835397
837229
839057
840893
842725
844565
846401
848245
850085
851933
853777
855629
857477
859333
861185
863045
864901
866765
868625
870493
872357
874229
876097
877973
879845
881725
883601
885485
887365
889253
891137
893029
894917
896813
898705
900605
902501
904405
906305
908213
910117
912029
913937
915853
917765
919685
921601
923525
925445
927373
929297
931229
933157
935093
937025
938965
940901
942845
944785
946733
948677
950629
952577
954533
956485
958445
960401
962365
964325
966293
968257
970229
972197
974173
976145
978125
980101
982085
984065
986053
988037
990029
992017
994013
996005
998005
1000001
1002005
1004005
1006013
1008017
1010029
1012037
1014053
1016065
1018085
1020101
1022125
1024145
1026173
1028197
1030229
1032257
1034293
1036325
1038365
1040401
1042445
1044485
1046533
1048577
1050629
1052677
1054733
1056785
1058845
1060901
1062965
1065025
1067093
1069157
1071229
1073297
1075373
1077445
1079525
1081601
1083685
1085765
1087853
1089937
1092029
1094117
1096213
1098305
1100405
1102501
1104605
1106705
1108813
1110917
1113029
1115137
1117253
1119365
1121485
1123601
1125725
1127845
1129973
1132097
1134229
1136357
1138493
1140625
1142765
1144901
1147045
1149185
1151333
1153477
1155629
1157777
1159933
1162085
1164245
1166401
1168565
1170725
1172893
1175057
1177229
1179397
1181573
1183745
1185925
1188101
1190285
1192465
1194653
1196837
1199029
1201217
1203413
1205605
1207805
1210001
1212205
1214405
1216613
1218817
1221029
1223237
1225453
1227665
1229885
1232101
1234325
1236545
1238773
1240997
1243229
1245457
1247693
1249925
1252165
1254401
1256645
1258885
1261133
1263377
1265629
1267877
1270133
1272385
1274645
1276901
1279165
1281425
1283693
1285957
1288229
1290497
1292773
1295045
1297325
1299601
1301885
1304165
1306453
1308737
1311029
1313317
1315613
1317905
1320205
1322501
1324805
1327105
1329413
1331717
1334029
1336337
1338653
1340965
1343285
1345601
1347925
1350245
1352573
1354897
1357229
1359557
1361893
1364225
1366565
1368901
1371245
1373585
1375933
1378277
1380629
1382977
1385333
1387685
1390045
1392401
1394765
1397125
1399493
1401857
1404229
1406597
1408973
1411345
1413725
1416101
1418485
1420865
1423253
1425637
1428029
1430417
1432813
1435205
1437605
1440001
1442405
1444805
1447213
1449617
1452029
1454437
1456853
1459265
1461685
1464101
1466525
1468945
1471373
1473797
1476229
1478657
1481093
1483525
1485965
1488401
1490845
1493285
1495733
1498177
1500629
1503077
1505533
1507985
1510445
1512901
1515365
1517825
1520293
1522757
1525229
1527697
1530173
1532645
1535125
1537601
1540085
1542565
1545053
1547537
1550029
1552517
1555013
1557505
1560005
1562501
1565005
1567505
1570013
1572517
1575029
1577537
1580053
1582565
1585085
1587601
1590125
1592645
1595173
1597697
1600229
1602757
1605293
1607825
1610365
1612901
1615445
1617985
1620533
1623077
1625629
1628177
1630733
1633285
1635845
1638401
1640965
1643525
1646093
1648657
1651229
1653797
1656373
1658945
1661525
1664101
1666685
1669265
1671853
1674437
1677029
1679617
1682213
1684805
1687405
1690001
1692605
1695205
1697813
1700417
1703029
1705637
1708253
1710865
1713485
1716101
1718725
1721345
1723973
1726597
1729229
1731857
1734493
1737125
1739765
1742401
1745045
1747685
1750333
1752977
1755629
1758277
1760933
1763585
1766245
1768901
1771565
1774225
1776893
1779557
1782229
1784897
1787573
1790245
1792925
1795601
1798285
1800965
1803653
1806337
1809029
1811717
1814413
1817105
1819805
1822501
1825205
1827905
1830613
1833317
1836029
1838737
1841453
1844165
1846885
1849601
1852325
1855045
1857773
1860497
1863229
1865957
1868693
1871425
1874165
1876901
1879645
1882385
1885133
1887877
1890629
1893377
1896133
1898885
1901645
1904401
1907165
1909925
1912693
1915457
1918229
1920997
1923773
1926545
1929325
1932101
1934885
1937665
1940453
1943237
1946029
1948817
1951613
1954405
1957205
1960001
1962805
1965605
1968413
1971217
1974029
1976837
1979653
1982465
1985285
1988101
1990925
1993745
1996573
1999397
2002229
2005057
2007893
2010725
2013565
2016401
2019245
2022085
2024933
2027777
2030629
2033477
2036333
2039185
2042045
2044901
2047765
2050625
2053493
2056357
2059229
2062097
2064973
2067845
2070725
2073601
2076485
2079365
2082253
2085137
2088029
2090917
2093813
2096705
2099605
2102501
2105405
2108305
2111213
2114117
2117029
2119937
2122853
2125765
2128685
2131601
2134525
2137445
2140373
2143297
2146229
2149157
2152093
2155025
2157965
2160901
2163845
2166785
2169733
2172677
2175629
2178577
2181533
2184485
2187445
2190401
2193365
2196325
2199293
2202257
2205229
2208197
2211173
2214145
2217125
2220101
2223085
2226065
2229053
2232037
2235029
2238017
2241013
2244005
2247005
2250001
2253005
2256005
2259013
2262017
2265029
2268037
2271053
2274065
2277085
2280101
2283125
2286145
2289173
2292197
2295229
2298257
2301293
2304325
2307365
2310401
2313445
2316485
2319533
2322577
2325629
2328677
2331733
2334785
2337845
2340901
2343965
2347025
2350093
2353157
2356229
2359297
2362373
2365445
2368525
2371601
2374685
2377765
2380853
2383937
2387029
2390117
2393213
2396305
2399405
2402501
2405605
2408705
2411813
2414917
2418029
2421137
2424253
2427365
2430485
2433601
2436725
2439845
2442973
2446097
2449229
2452357
2455493
2458625
2461765
2464901
2468045
2471185
2474333
2477477
2480629
2483777
2486933
2490085
2493245
2496401
2499565
2502725
2505893
2509057
2512229
2515397
2518573
2521745
2524925
2528101
2531285
2534465
2537653
2540837
2544029
2547217
2550413
2553605
2556805
2560001
2563205
2566405
2569613
2572817
2576029
2579237
2582453
2585665
2588885
2592101
2595325
2598545
2601773
2604997
2608229
2611457
2614693
2617925
2621165
2624401
2627645
2630885
2634133
2637377
2640629
2643877
2647133
2650385
2653645
2656901
2660165
2663425
2666693
2669957
2673229
2676497
2679773
2683045
2686325
2689601
2692885
2696165
2699453
2702737
2706029
2709317
2712613
2715905
2719205
2722501
2725805
2729105
2732413
2735717
2739029
2742337
2745653
2748965
2752285
2755601
2758925
2762245
2765573
2768897
2772229
2775557
2778893
2782225
2785565
2788901
2792245
2795585
2798933
2802277
2805629
2808977
2812333
2815685
2819045
2822401
2825765
2829125
2832493
2835857
2839229
2842597
2845973
2849345
2852725
2856101
2859485
2862865
2866253
2869637
2873029
2876417
2879813
2883205
2886605
2890001
2893405
2896805
2900213
2903617
2907029
2910437
2913853
2917265
2920685
2924101
2927525
2930945
2934373
2937797
2941229
2944657
2948093
2951525
2954965
2958401
2961845
2965285
2968733
2972177
2975629
2979077
2982533
2985985
2989445
2992901
2996365
2999825
3003293
3006757
3010229
3013697
3017173
3020645
3024125
3027601
3031085
3034565
3038053
3041537
3045029
3048517
3052013
3055505
3059005
3062501
3066005
3069505
3073013
3076517
3080029
3083537
3087053
3090565
3094085
3097601
3101125
3104645
3108173
3111697
3115229
3118757
3122293
3125825
3129365
3132901
3136445
3139985
3143533
3147077
3150629
3154177
3157733
3161285
3164845
3168401
3171965
3175525
3179093
3182657
3186229
3189797
3193373
3196945
3200525
3204101
3207685
3211265
3214853
3218437
3222029
3225617
3229213
3232805
3236405
3240001
3243605
3247205
3250813
3254417
3258029
3261637
3265253
3268865
3272485
3276101
3279725
3283345
3286973
3290597
3294229
3297857
3301493
3305125
3308765
3312401
3316045
3319685
3323333
3326977
3330629
3334277
3337933
3341585
3345245
3348901
3352565
3356225
3359893
3363557
3367229
3370897
3374573
3378245
3381925
3385601
3389285
3392965
3396653
3400337
3404029
3407717
3411413
3415105
3418805
3422501
3426205
3429905
3433613
3437317
3441029
3444737
3448453
3452165
3455885
3459601
3463325
3467045
3470773
3474497
3478229
3481957
3485693
3489425
3493165
3496901
3500645
3504385
3508133
3511877
3515629
3519377
3523133
3526885
3530645
3534401
3538165
3541925
3545693
3549457
3553229
3556997
3560773
3564545
3568325
3572101
3575885
3579665
3583453
3587237
3591029
3594817
3598613
3602405
3606205
3610001
3613805
3617605
3621413
3625217
3629029
3632837
3636653
3640465
3644285
3648101
3651925
3655745
3659573
3663397
3667229
3671057
3674893
3678725
3682565
3686401
3690245
3694085
3697933
3701777
3705629
3709477
3713333
3717185
3721045
3724901
3728765
3732625
3736493
3740357
3744229
3748097
3751973
3755845
3759725
3763601
3767485
3771365
3775253
3779137
3783029
3786917
3790813
3794705
3798605
3802501
3806405
3810305
3814213
3818117
3822029
3825937
3829853
3833765
3837685
3841601
3845525
3849445
3853373
3857297
3861229
3865157
3869093
3873025
3876965
3880901
3884845
3888785
3892733
3896677
3900629
3904577
3908533
3912485
3916445
3920401
3924365
3928325
3932293
3936257
3940229
3944197
3948173
3952145
3956125
3960101
3964085
3968065
3972053
3976037
3980029
3984017
3988013
3992005
3996005
4000001
4004005
4008005
4012013
4016017
4020029
4024037
4028053
4032065
4036085
4040101
4044125
4048145
4052173
4056197
4060229
4064257
4068293
4072325
4076365
4080401
4084445
4088485
4092533
4096577
4100629
4104677
4108733
4112785
4116845
4120901
4124965
4129025
4133093
4137157
4141229
4145297
4149373
4153445
4157525
4161601
4165685
4169765
4173853
4177937
4182029
4186117
4190213
4194305
4198405
4202501
4206605
4210705
4214813
4218917
4223029
4227137
4231253
4235365
4239485
4243601
4247725
4251845
4255973
4260097
4264229
4268357
4272493
4276625
4280765
4284901
4289045
4293185
4297333
4301477
4305629
4309777
4313933
4318085
4322245
4326401
4330565
4334725
4338893
4343057
4347229
4351397
4355573
4359745
4363925
4368101
4372285
4376465
4380653
4384837
4389029
4393217
4397413
4401605
4405805
4410001
4414205
4418405
4422613
4426817
4431029
4435237
4439453
4443665
4447885
4452101
4456325
4460545
4464773
4468997
4473229
4477457
4481693
4485925
4490165
4494401
4498645
4502885
4507133
4511377
4515629
4519877
4524133
4528385
4532645
4536901
4541165
4545425
4549693
4553957
4558229
4562497
4566773
4571045
4575325
4579601
4583885
4588165
4592453
4596737
4601029
4605317
4609613
4613905
4618205
4622501
4626805
4631105
4635413
4639717
4644029
4648337
4652653
4656965
4661285
4665601
4669925
4674245
4678573
4682897
4687229
4691557
4695893
4700225
4704565
4708901
4713245
4717585
4721933
4726277
4730629
4734977
4739333
4743685
4748045
4752401
4756765
4761125
4765493
4769857
4774229
4778597
4782973
4787345
4791725
4796101
4800485
4804865
4809253
4813637
4818029
4822417
4826813
4831205
4835605
4840001
4844405
4848805
4853213
4857617
4862029
4866437
4870853
4875265
4879685
4884101
4888525
4892945
4897373
4901797
4906229
4910657
4915093
4919525
4923965
4928401
4932845
4937285
4941733
4946177
4950629
4955077
4959533
4963985
4968445
4972901
4977365
4981825
4986293
4990757
4995229
4999697
5004173
5008645
5013125
5017601
5022085
5026565
5031053
5035537
5040029
5044517
5049013
5053505
5058005
5062501
5067005
5071505
5076013
5080517
5085029
5089537
5094053
5098565
5103085
5107601
5112125
5116645
5121173
5125697
5130229
5134757
5139293
5143825
5148365
5152901
5157445
5161985
5166533
5171077
5175629
5180177
5184733
5189285
5193845
5198401
5202965
5207525
5212093
5216657
5221229
5225797
5230373
5234945
5239525
5244101
5248685
5253265
5257853
5262437
5267029
5271617
5276213
5280805
5285405
5290001
5294605
5299205
5303813
5308417
5313029
5317637
5322253
5326865
5331485
5336101
5340725
5345345
5349973
5354597
5359229
5363857
5368493
5373125
5377765
5382401
5387045
5391685
5396333
5400977
5405629
5410277
5414933
5419585
5424245
5428901
5433565
5438225
5442893
5447557
5452229
5456897
5461573
5466245
5470925
5475601
5480285
5484965
5489653
5494337
5499029
5503717
5508413
5513105
5517805
5522501
5527205
5531905
5536613
5541317
5546029
5550737
5555453
5560165
5564885
5569601
5574325
5579045
5583773
5588497
5593229
5597957
5602693
5607425
5612165
5616901
5621645
5626385
5631133
5635877
5640629
5645377
5650133
5654885
5659645
5664401
5669165
5673925
5678693
5683457
5688229
5692997
5697773
5702545
5707325
5712101
5716885
5721665
5726453
5731237
5736029
5740817
5745613
5750405
5755205
5760001
5764805
5769605
5774413
5779217
5784029
5788837
5793653
5798465
5803285
5808101
5812925
5817745
5822573
5827397
5832229
5837057
5841893
5846725
5851565
5856401
5861245
5866085
5870933
5875777
5880629
5885477
5890333
5895185
5900045
5904901
5909765
5914625
5919493
5924357
5929229
5934097
5938973
5943845
5948725
5953601
5958485
5963365
5968253
5973137
5978029
5982917
5987813
5992705
5997605
6002501
6007405
6012305
6017213
6022117
6027029
6031937
6036853
6041765
6046685
6051601
6056525
6061445
6066373
6071297
6076229
6081157
6086093
6091025
6095965
6100901
6105845
6110785
6115733
6120677
6125629
6130577
6135533
6140485
6145445
6150401
6155365
6160325
6165293
6170257
6175229
6180197
6185173
6190145
6195125
6200101
6205085
6210065
6215053
6220037
6225029
6230017
6235013
6240005
6245005
6250001
6255005
6260005
6265013
6270017
6275029
6280037
6285053
6290065
6295085
6300101
6305125
6310145
6315173
6320197
6325229
6330257
6335293
6340325
6345365
6350401
6355445
6360485
6365533
6370577
6375629
6380677
6385733
6390785
6395845
6400901
6405965
6411025
6416093
6421157
6426229
6431297
6436373
6441445
6446525
6451601
6456685
6461765
6466853
6471937
6477029
6482117
6487213
6492305
6497405
6502501
6507605
6512705
6517813
6522917
6528029
6533137
6538253
6543365
6548485
6553601
6558725
6563845
6568973
6574097
6579229
6584357
6589493
6594625
6599765
6604901
6610045
6615185
6620333
6625477
6630629
6635777
6640933
6646085
6651245
6656401
6661565
6666725
6671893
6677057
6682229
6687397
6692573
6697745
6702925
6708101
6713285
6718465
6723653
6728837
6734029
6739217
6744413
6749605
6754805
6760001
6765205
6770405
6775613
6780817
6786029
6791237
6796453
6801665
6806885
6812101
6817325
6822545
6827773
6832997
6838229
6843457
6848693
6853925
6859165
6864401
6869645
6874885
6880133
6885377
6890629
6895877
6901133
6906385
6911645
6916901
6922165
6927425
6932693
6937957
6943229
6948497
6953773
6959045
6964325
6969601
6974885
6980165
6985453
6990737
6996029
7001317
7006613
7011905
7017205
7022501
7027805
7033105
7038413
7043717
7049029
7054337
7059653
7064965
7070285
7075601
7080925
7086245
7091573
7096897
7102229
7107557
7112893
7118225
7123565
7128901
7134245
7139585
7144933
7150277
7155629
7160977
7166333
7171685
7177045
7182401
7187765
7193125
7198493
7203857
7209229
7214597
7219973
7225345
7230725
7236101
7241485
7246865
7252253
7257637
7263029
7268417
7273813
7279205
7284605
7290001
7295405
7300805
7306213
7311617
7317029
7322437
7327853
7333265
7338685
7344101
7349525
7354945
7360373
7365797
7371229
7376657
7382093
7387525
7392965
7398401
7403845
7409285
7414733
7420177
7425629
7431077
7436533
7441985
7447445
7452901
7458365
7463825
7469293
7474757
7480229
7485697
7491173
7496645
7502125
7507601
7513085
7518565
7524053
7529537
7535029
7540517
7546013
7551505
7557005
7562501
7568005
7573505
7579013
7584517
7590029
7595537
7601053
7606565
7612085
7617601
7623125
7628645
7634173
7639697
7645229
7650757
7656293
7661825
7667365
7672901
7678445
7683985
7689533
7695077
7700629
7706177
7711733
7717285
7722845
7728401
7733965
7739525
7745093
7750657
7756229
7761797
7767373
7772945
7778525
7784101
7789685
7795265
7800853
7806437
7812029
7817617
7823213
7828805
7834405
7840001
7845605
7851205
7856813
7862417
7868029
7873637
7879253
7884865
7890485
7896101
7901725
7907345
7912973
7918597
7924229
7929857
7935493
7941125
7946765
7952401
7958045
7963685
7969333
7974977
7980629
7986277
7991933
7997585
8003245
8008901
8014565
8020225
8025893
8031557
8037229
8042897
8048573
8054245
8059925
8065601
8071285
8076965
8082653
8088337
8094029
8099717
8105413
8111105
8116805
8122501
8128205
8133905
8139613
8145317
8151029
8156737
8162453
8168165
8173885
8179601
8185325
8191045
8196773
8202497
8208229
8213957
8219693
8225425
8231165
8236901
8242645
8248385
8254133
8259877
8265629
8271377
8277133
8282885
8288645
8294401
8300165
8305925
8311693
8317457
8323229
8328997
8334773
8340545
8346325
8352101
8357885
8363665
8369453
8375237
8381029
8386817
8392613
8398405
8404205
8410001
8415805
8421605
8427413
8433217
8439029
8444837
8450653
8456465
8462285
8468101
8473925
8479745
8485573
8491397
8497229
8503057
8508893
8514725
8520565
8526401
8532245
8538085
8543933
8549777
8555629
8561477
8567333
8573185
8579045
8584901
8590765
8596625
8602493
8608357
8614229
8620097
8625973
8631845
8637725
8643601
8649485
8655365
8661253
8667137
8673029
8678917
8684813
8690705
8696605
8702501
8708405
8714305
8720213
8726117
8732029
8737937
8743853
8749765
8755685
8761601
8767525
8773445
8779373
8785297
8791229
8797157
8803093
8809025
8814965
8820901
8826845
8832785
8838733
8844677
8850629
8856577
8862533
8868485
8874445
8880401
8886365
8892325
8898293
8904257
8910229
8916197
8922173
8928145
8934125
8940101
8946085
8952065
8958053
8964037
8970029
8976017
8982013
8988005
8994005
9000001
9006005
9012005
9018013
9024017
9030029
9036037
9042053
9048065
9054085
9060101
9066125
9072145
9078173
9084197
9090229
9096257
9102293
9108325
9114365
9120401
9126445
9132485
9138533
9144577
9150629
9156677
9162733
9168785
9174845
9180901
9186965
9193025
9199093
9205157
9211229
9217297
9223373
9229445
9235525
9241601
9247685
9253765
9259853
9265937
9272029
9278117
9284213
9290305
9296405
9302501
9308605
9314705
9320813
9326917
9333029
9339137
9345253
9351365
9357485
9363601
9369725
9375845
9381973
9388097
9394229
9400357
9406493
9412625
9418765
9424901
9431045
9437185
9443333
9449477
9455629
9461777
9467933
9474085
9480245
9486401
9492565
9498725
9504893
9511057
9517229
9523397
9529573
9535745
9541925
9548101
9554285
9560465
9566653
9572837
9579029
9585217
9591413
9597605
9603805
9610001
9616205
9622405
9628613
9634817
9641029
9647237
9653453
9659665
9665885
9672101
9678325
9684545
9690773
9696997
9703229
9709457
9715693
9721925
9728165
9734401
9740645
9746885
9753133
9759377
9765629
9771877
9778133
9784385
9790645
9796901
9803165
9809425
9815693
9821957
9828229
9834497
9840773
9847045
9853325
9859601
9865885
9872165
9878453
9884737
9891029
9897317
9903613
9909905
9916205
9922501
9928805
9935105
9941413
9947717
9954029
9960337
9966653
9972965
9979285
9985601
9991925
9998245
10004573
10010897
10017229
10023557
10029893
10036225
10042565
10048901
10055245
10061585
10067933
10074277
10080629
10086977
10093333
10099685
10106045
10112401
10118765
10125125
10131493
10137857
10144229
10150597
10156973
10163345
10169725
10176101
10182485
10188865
10195253
10201637
10208029
10214417
10220813
10227205
10233605
10240001
10246405
10252805
10259213
10265617
10272029
10278437
10284853
10291265
10297685
10304101
10310525
10316945
10323373
10329797
10336229
10342657
10349093
10355525
10361965
10368401
10374845
10381285
10387733
10394177
10400629
10407077
10413533
10419985
10426445
10432901
10439365
10445825
10452293
10458757
10465229
10471697
10478173
10484645
10491125
10497601
10504085
10510565
10517053
10523537
10530029
10536517
10543013
10549505
10556005
10562501
10569005
10575505
10582013
10588517
10595029
10601537
10608053
10614565
10621085
10627601
10634125
10640645
10647173
10653697
10660229
10666757
10673293
10679825
10686365
10692901
10699445
10705985
10712533
10719077
10725629
10732177
10738733
10745285
10751845
10758401
10764965
10771525
10778093
10784657
10791229
10797797
10804373
10810945
10817525
10824101
10830685
10837265
10843853
10850437
10857029
10863617
10870213
10876805
10883405
10890001
10896605
10903205
10909813
10916417
10923029
10929637
10936253
10942865
10949485
10956101
10962725
10969345
10975973
10982597
10989229
10995857
11002493
11009125
11015765
11022401
11029045
11035685
11042333
11048977
11055629
11062277
11068933
11075585
11082245
11088901
11095565
11102225
11108893
11115557
11122229
11128897
11135573
11142245
11148925
11155601
11162285
11168965
11175653
11182337
11189029
11195717
11202413
11209105
11215805
11222501
11229205
11235905
11242613
11249317
11256029
11262737
11269453
11276165
11282885
11289601
11296325
11303045
11309773
11316497
11323229
11329957
11336693
11343425
11350165
11356901
11363645
11370385
11377133
11383877
11390629
11397377
11404133
11410885
11417645
11424401
11431165
11437925
11444693
11451457
11458229
11464997
11471773
11478545
11485325
11492101
11498885
11505665
11512453
11519237
11526029
11532817
11539613
11546405
11553205
11560001
11566805
11573605
11580413
11587217
11594029
11600837
11607653
11614465
11621285
11628101
11634925
11641745
11648573
11655397
11662229
11669057
11675893
11682725
11689565
11696401
11703245
11710085
11716933
11723777
11730629
11737477
11744333
11751185
11758045
11764901
11771765
11778625
11785493
11792357
11799229
11806097
11812973
11819845
11826725
11833601
11840485
11847365
11854253
11861137
11868029
11874917
11881813
11888705
11895605
11902501
11909405
11916305
11923213
11930117
11937029
11943937
11950853
11957765
11964685
11971601
11978525
11985445
11992373
11999297
12006229
12013157
12020093
12027025
12033965
12040901
12047845
12054785
12061733
12068677
12075629
12082577
12089533
12096485
12103445
12110401
12117365
12124325
12131293
12138257
12145229
12152197
12159173
12166145
12173125
12180101
12187085
12194065
12201053
12208037
12215029
12222017
12229013
12236005
12243005
12250001
12257005
12264005
12271013
12278017
12285029
12292037
12299053
12306065
12313085
12320101
12327125
12334145
12341173
12348197
12355229
12362257
12369293
12376325
12383365
12390401
12397445
12404485
12411533
12418577
12425629
12432677
12439733
12446785
12453845
12460901
12467965
12475025
12482093
12489157
12496229
12503297
12510373
12517445
12524525
12531601
12538685
12545765
12552853
12559937
12567029
12574117
12581213
12588305
12595405
12602501
12609605
12616705
12623813
12630917
12638029
12645137
12652253
12659365
12666485
12673601
12680725
12687845
12694973
12702097
12709229
12716357
12723493
12730625
12737765
12744901
12752045
12759185
12766333
12773477
12780629
12787777
12794933
12802085
12809245
12816401
12823565
12830725
12837893
12845057
12852229
12859397
12866573
12873745
12880925
12888101
12895285
12902465
12909653
12916837
12924029
12931217
12938413
12945605
12952805
12960001
12967205
12974405
12981613
12988817
12996029
13003237
13010453
13017665
13024885
13032101
13039325
13046545
13053773
13060997
13068229
13075457
13082693
13089925
13097165
13104401
13111645
13118885
13126133
13133377
13140629
13147877
13155133
13162385
13169645
13176901
13184165
13191425
13198693
13205957
13213229
13220497
13227773
13235045
13242325
13249601
13256885
13264165
13271453
13278737
13286029
13293317
13300613
13307905
13315205
13322501
13329805
13337105
13344413
13351717
13359029
13366337
13373653
13380965
13388285
13395601
13402925
13410245
13417573
13424897
13432229
13439557
13446893
13454225
13461565
13468901
13476245
13483585
13490933
13498277
13505629
13512977
13520333
13527685
13535045
13542401
13549765
13557125
13564493
13571857
13579229
13586597
13593973
13601345
13608725
13616101
13623485
13630865
13638253
13645637
13653029
13660417
13667813
13675205
13682605
13690001
13697405
13704805
13712213
13719617
13727029
13734437
13741853
13749265
13756685
13764101
13771525
13778945
13786373
13793797
13801229
13808657
13816093
13823525
13830965
13838401
13845845
13853285
13860733
13868177
13875629
13883077
13890533
13897985
13905445
13912901
13920365
13927825
13935293
13942757
13950229
13957697
13965173
13972645
13980125
13987601
13995085
14002565
14010053
14017537
14025029
14032517
14040013
14047505
14055005
14062501
14070005
14077505
14085013
14092517
14100029
14107537
14115053
14122565
14130085
14137601
14145125
14152645
14160173
14167697
14175229
14182757
14190293
14197825
14205365
14212901
14220445
14227985
14235533
14243077
14250629
14258177
14265733
14273285
14280845
14288401
14295965
14303525
14311093
14318657
14326229
14333797
14341373
14348945
14356525
14364101
14371685
14379265
14386853
14394437
14402029
14409617
14417213
14424805
14432405
14440001
14447605
14455205
14462813
14470417
14478029
14485637
14493253
14500865
14508485
14516101
14523725
14531345
14538973
14546597
14554229
14561857
14569493
14577125
14584765
14592401
14600045
14607685
14615333
14622977
14630629
14638277
14645933
14653585
14661245
14668901
14676565
14684225
14691893
14699557
14707229
14714897
14722573
14730245
14737925
14745601
14753285
14760965
14768653
14776337
14784029
14791717
14799413
14807105
14814805
14822501
14830205
14837905
14845613
14853317
14861029
14868737
14876453
14884165
14891885
14899601
14907325
14915045
14922773
14930497
14938229
14945957
14953693
14961425
14969165
14976901
14984645
14992385
15000133
15007877
15015629
15023377
15031133
15038885
15046645
15054401
15062165
15069925
15077693
15085457
15093229
15100997
15108773
15116545
15124325
15132101
15139885
15147665
15155453
15163237
15171029
15178817
15186613
15194405
15202205
15210001
15217805
15225605
15233413
15241217
15249029
15256837
15264653
15272465
15280285
15288101
15295925
15303745
15311573
15319397
15327229
15335057
15342893
15350725
15358565
15366401
15374245
15382085
15389933
15397777
15405629
15413477
15421333
15429185
15437045
15444901
15452765
15460625
15468493
15476357
15484229
15492097
15499973
15507845
15515725
15523601
15531485
15539365
15547253
15555137
15563029
15570917
15578813
15586705
15594605
15602501
15610405
15618305
15626213
15634117
15642029
15649937
15657853
15665765
15673685
15681601
15689525
15697445
15705373
15713297
15721229
15729157
15737093
15745025
15752965
15760901
15768845
15776785
15784733
15792677
15800629
15808577
15816533
15824485
15832445
15840401
15848365
15856325
15864293
15872257
15880229
15888197
15896173
15904145
15912125
15920101
15928085
15936065
15944053
15952037
15960029
15968017
15976013
15984005
15992005
